0.000000
0.062832
0.125664
0.188496
0.251327
0.314159
0.376991
0.439823
0.502655
0.565487
0.628319
0.691150
0.753982
0.816814
0.879646
0.942478
1.005310
1.068142
1.130973
1.193805
1.256637
1.319469
1.382301
1.445133
1.507964
1.570796
1.633628
1.696460
1.759292
1.822124
1.884956
1.947787
2.010619
2.073451
2.136283
2.199115
2.261947
2.324779
2.387610
2.450442
2.513274
2.576106
2.638938
2.701770
2.764602
2.827433
2.890265
2.953097
3.015929
3.078761
3.141593
3.204425
3.267256
3.330088
3.392920
3.455752
3.518584
3.581416
3.644247
3.707079
3.769911
3.832743
3.895575
3.958407
4.021239
4.084070
4.146902
4.209734
4.272566
4.335398
4.398230
4.461062
4.523893
4.586725
4.649557
4.712389
4.775221
4.838053
4.900885
4.963716
5.026548
5.089380
5.152212
5.215044
5.277876
5.340708
5.403539
5.466371
5.529203
5.592035
5.654867
5.717699
5.780530
5.843362
5.906194
5.969026
6.031858
6.094690
6.157522
6.220353
6.283185
