0.000000
0.103488
0.200704
0.291776
0.376832
0.456000
0.529408
0.597184
0.659456
0.716352
0.768000
0.814528
0.856064
0.892736
0.924672
0.952000
0.974848
0.993344
1.007616
1.017792
1.024000
1.026368
1.025024
1.020096
1.011712
1.000000
0.985088
0.967104
0.946176
0.922432
0.896000
0.867008
0.835584
0.801856
0.765952
0.728000
0.688128
0.646464
0.603136
0.558272
0.512000
0.464448
0.415744
0.366016
0.315392
0.264000
0.211968
0.159424
0.106496
0.053312
-0.000000
-0.053312
-0.106496
-0.159424
-0.211968
-0.264000
-0.315392
-0.366016
-0.415744
-0.464448
-0.512000
-0.558272
-0.603136
-0.646464
-0.688128
-0.728000
-0.765952
-0.801856
-0.835584
-0.867008
-0.896000
-0.922432
-0.946176
-0.967104
-0.985088
-1.000000
-1.011712
-1.020096
-1.025024
-1.026368
-1.024000
-1.017792
-1.007616
-0.993344
-0.974848
-0.952000
-0.924672
-0.892736
-0.856064
-0.814528
-0.768000
-0.716352
-0.659456
-0.597184
-0.529408
-0.456000
-0.376832
-0.291776
-0.200704
-0.103488
-0.000000
