0.000000, 0.000000
0.001000, 0.000023
0.002000, 0.000046
0.003000, 0.000069
0.004000, 0.000093
0.005000, 0.000116
0.006000, 0.000139
0.007000, 0.000162
0.008000, 0.000185
0.009000, 0.000208
0.010000, 0.000231
0.011000, 0.000255
0.012000, 0.000278
0.013000, 0.000301
0.014000, 0.000324
0.015000, 0.000347
0.016000, 0.000370
0.017000, 0.000393
0.018000, 0.000416
0.019000, 0.000440
0.020000, 0.000463
0.021000, 0.000486
0.022000, 0.000509
0.023000, 0.000532
0.024000, 0.000555
0.025000, 0.000578
0.026000, 0.000601
0.027000, 0.000624
0.028000, 0.000647
0.029000, 0.000670
0.030000, 0.000693
0.031000, 0.000716
0.032000, 0.000739
0.033000, 0.000762
0.034000, 0.000786
0.035000, 0.000809
0.036000, 0.000832
0.037000, 0.000855
0.038000, 0.000878
0.039000, 0.000900
0.040000, 0.000923
0.041000, 0.000946
0.042000, 0.000969
0.043000, 0.000992
0.044000, 0.001015
0.045000, 0.001038
0.046000, 0.001061
0.047000, 0.001084
0.048000, 0.001107
0.049000, 0.001130
0.050000, 0.001153
0.051000, 0.001175
0.052000, 0.001198
0.053000, 0.001221
0.054000, 0.001244
0.055000, 0.001267
0.056000, 0.001290
0.057000, 0.001312
0.058000, 0.001335
0.059000, 0.001358
0.060000, 0.001381
0.061000, 0.001403
0.062000, 0.001426
0.063000, 0.001449
0.064000, 0.001471
0.065000, 0.001494
0.066000, 0.001517
0.067000, 0.001539
0.068000, 0.001562
0.069000, 0.001585
0.070000, 0.001607
0.071000, 0.001630
0.072000, 0.001652
0.073000, 0.001675
0.074000, 0.001698
0.075000, 0.001720
0.076000, 0.001743
0.077000, 0.001765
0.078000, 0.001787
0.079000, 0.001810
0.080000, 0.001832
0.081000, 0.001855
0.082000, 0.001877
0.083000, 0.001900
0.084000, 0.001922
0.085000, 0.001944
0.086000, 0.001967
0.087000, 0.001989
0.088000, 0.002011
0.089000, 0.002033
0.090000, 0.002056
0.091000, 0.002078
0.092000, 0.002100
0.093000, 0.002122
0.094000, 0.002144
0.095000, 0.002166
0.096000, 0.002189
0.097000, 0.002211
0.098000, 0.002233
0.099000, 0.002255
0.100000, 0.002277
0.101000, 0.002299
0.102000, 0.002321
0.103000, 0.002343
0.104000, 0.002365
0.105000, 0.002387
0.106000, 0.002409
0.107000, 0.002430
0.108000, 0.002452
0.109000, 0.002474
0.110000, 0.002496
0.111000, 0.002518
0.112000, 0.002539
0.113000, 0.002561
0.114000, 0.002583
0.115000, 0.002604
0.116000, 0.002626
0.117000, 0.002648
0.118000, 0.002669
0.119000, 0.002691
0.120000, 0.002712
0.121000, 0.002734
0.122000, 0.002755
0.123000, 0.002777
0.124000, 0.002798
0.125000, 0.002820
0.126000, 0.002841
0.127000, 0.002862
0.128000, 0.002884
0.129000, 0.002905
0.130000, 0.002926
0.131000, 0.002947
0.132000, 0.002969
0.133000, 0.002990
0.134000, 0.003011
0.135000, 0.003032
0.136000, 0.003053
0.137000, 0.003074
0.138000, 0.003095
0.139000, 0.003116
0.140000, 0.003137
0.141000, 0.003158
0.142000, 0.003179
0.143000, 0.003200
0.144000, 0.003221
0.145000, 0.003241
0.146000, 0.003262
0.147000, 0.003283
0.148000, 0.003304
0.149000, 0.003324
0.150000, 0.003345
0.151000, 0.003366
0.152000, 0.003386
0.153000, 0.003407
0.154000, 0.003427
0.155000, 0.003448
0.156000, 0.003468
0.157000, 0.003489
0.158000, 0.003509
0.159000, 0.003529
0.160000, 0.003550
0.161000, 0.003570
0.162000, 0.003590
0.163000, 0.003610
0.164000, 0.003630
0.165000, 0.003651
0.166000, 0.003671
0.167000, 0.003691
0.168000, 0.003711
0.169000, 0.003731
0.170000, 0.003751
0.171000, 0.003771
0.172000, 0.003790
0.173000, 0.003810
0.174000, 0.003830
0.175000, 0.003850
0.176000, 0.003870
0.177000, 0.003889
0.178000, 0.003909
0.179000, 0.003928
0.180000, 0.003948
0.181000, 0.003968
0.182000, 0.003987
0.183000, 0.004006
0.184000, 0.004026
0.185000, 0.004045
0.186000, 0.004065
0.187000, 0.004084
0.188000, 0.004103
0.189000, 0.004122
0.190000, 0.004141
0.191000, 0.004161
0.192000, 0.004180
0.193000, 0.004199
0.194000, 0.004218
0.195000, 0.004237
0.196000, 0.004256
0.197000, 0.004274
0.198000, 0.004293
0.199000, 0.004312
0.200000, 0.004331
0.201000, 0.004350
0.202000, 0.004368
0.203000, 0.004387
0.204000, 0.004405
0.205000, 0.004424
0.206000, 0.004442
0.207000, 0.004461
0.208000, 0.004479
0.209000, 0.004498
0.210000, 0.004516
0.211000, 0.004534
0.212000, 0.004552
0.213000, 0.004571
0.214000, 0.004589
0.215000, 0.004607
0.216000, 0.004625
0.217000, 0.004643
0.218000, 0.004661
0.219000, 0.004679
0.220000, 0.004697
0.221000, 0.004714
0.222000, 0.004732
0.223000, 0.004750
0.224000, 0.004768
0.225000, 0.004785
0.226000, 0.004803
0.227000, 0.004820
0.228000, 0.004838
0.229000, 0.004855
0.230000, 0.004873
0.231000, 0.004890
0.232000, 0.004907
0.233000, 0.004924
0.234000, 0.004942
0.235000, 0.004959
0.236000, 0.004976
0.237000, 0.004993
0.238000, 0.005010
0.239000, 0.005027
0.240000, 0.005044
0.241000, 0.005061
0.242000, 0.005077
0.243000, 0.005094
0.244000, 0.005111
0.245000, 0.005128
0.246000, 0.005144
0.247000, 0.005161
0.248000, 0.005177
0.249000, 0.005194
0.250000, 0.005210
0.251000, 0.005226
0.252000, 0.005243
0.253000, 0.005259
0.254000, 0.005275
0.255000, 0.005291
0.256000, 0.005307
0.257000, 0.005323
0.258000, 0.005339
0.259000, 0.005355
0.260000, 0.005371
0.261000, 0.005387
0.262000, 0.005403
0.263000, 0.005418
0.264000, 0.005434
0.265000, 0.005450
0.266000, 0.005465
0.267000, 0.005481
0.268000, 0.005496
0.269000, 0.005512
0.270000, 0.005527
0.271000, 0.005542
0.272000, 0.005557
0.273000, 0.005573
0.274000, 0.005588
0.275000, 0.005603
0.276000, 0.005618
0.277000, 0.005633
0.278000, 0.005648
0.279000, 0.005662
0.280000, 0.005677
0.281000, 0.005692
0.282000, 0.005707
0.283000, 0.005721
0.284000, 0.005736
0.285000, 0.005750
0.286000, 0.005765
0.287000, 0.005779
0.288000, 0.005793
0.289000, 0.005808
0.290000, 0.005822
0.291000, 0.005836
0.292000, 0.005850
0.293000, 0.005864
0.294000, 0.005878
0.295000, 0.005892
0.296000, 0.005906
0.297000, 0.005920
0.298000, 0.005934
0.299000, 0.005947
0.300000, 0.005961
0.301000, 0.005974
0.302000, 0.005988
0.303000, 0.006001
0.304000, 0.006015
0.305000, 0.006028
0.306000, 0.006041
0.307000, 0.006055
0.308000, 0.006068
0.309000, 0.006081
0.310000, 0.006094
0.311000, 0.006107
0.312000, 0.006120
0.313000, 0.006133
0.314000, 0.006146
0.315000, 0.006158
0.316000, 0.006171
0.317000, 0.006184
0.318000, 0.006196
0.319000, 0.006209
0.320000, 0.006221
0.321000, 0.006233
0.322000, 0.006246
0.323000, 0.006258
0.324000, 0.006270
0.325000, 0.006282
0.326000, 0.006294
0.327000, 0.006306
0.328000, 0.006318
0.329000, 0.006330
0.330000, 0.006342
0.331000, 0.006354
0.332000, 0.006365
0.333000, 0.006377
0.334000, 0.006389
0.335000, 0.006400
0.336000, 0.006412
0.337000, 0.006423
0.338000, 0.006434
0.339000, 0.006445
0.340000, 0.006457
0.341000, 0.006468
0.342000, 0.006479
0.343000, 0.006490
0.344000, 0.006501
0.345000, 0.006512
0.346000, 0.006522
0.347000, 0.006533
0.348000, 0.006544
0.349000, 0.006554
0.350000, 0.006565
0.351000, 0.006575
0.352000, 0.006586
0.353000, 0.006596
0.354000, 0.006606
0.355000, 0.006617
0.356000, 0.006627
0.357000, 0.006637
0.358000, 0.006647
0.359000, 0.006657
0.360000, 0.006667
0.361000, 0.006677
0.362000, 0.006686
0.363000, 0.006696
0.364000, 0.006706
0.365000, 0.006715
0.366000, 0.006725
0.367000, 0.006734
0.368000, 0.006744
0.369000, 0.006753
0.370000, 0.006762
0.371000, 0.006771
0.372000, 0.006780
0.373000, 0.006789
0.374000, 0.006798
0.375000, 0.006807
0.376000, 0.006816
0.377000, 0.006825
0.378000, 0.006833
0.379000, 0.006842
0.380000, 0.006851
0.381000, 0.006859
0.382000, 0.006868
0.383000, 0.006876
0.384000, 0.006884
0.385000, 0.006892
0.386000, 0.006901
0.387000, 0.006909
0.388000, 0.006917
0.389000, 0.006925
0.390000, 0.006932
0.391000, 0.006940
0.392000, 0.006948
0.393000, 0.006956
0.394000, 0.006963
0.395000, 0.006971
0.396000, 0.006978
0.397000, 0.006986
0.398000, 0.006993
0.399000, 0.007000
0.400000, 0.007007
0.401000, 0.007015
0.402000, 0.007022
0.403000, 0.007029
0.404000, 0.007035
0.405000, 0.007042
0.406000, 0.007049
0.407000, 0.007056
0.408000, 0.007062
0.409000, 0.007069
0.410000, 0.007075
0.411000, 0.007082
0.412000, 0.007088
0.413000, 0.007095
0.414000, 0.007101
0.415000, 0.007107
0.416000, 0.007113
0.417000, 0.007119
0.418000, 0.007125
0.419000, 0.007131
0.420000, 0.007137
0.421000, 0.007142
0.422000, 0.007148
0.423000, 0.007154
0.424000, 0.007159
0.425000, 0.007164
0.426000, 0.007170
0.427000, 0.007175
0.428000, 0.007180
0.429000, 0.007185
0.430000, 0.007191
0.431000, 0.007196
0.432000, 0.007201
0.433000, 0.007205
0.434000, 0.007210
0.435000, 0.007215
0.436000, 0.007220
0.437000, 0.007224
0.438000, 0.007229
0.439000, 0.007233
0.440000, 0.007238
0.441000, 0.007242
0.442000, 0.007246
0.443000, 0.007250
0.444000, 0.007254
0.445000, 0.007258
0.446000, 0.007262
0.447000, 0.007266
0.448000, 0.007270
0.449000, 0.007274
0.450000, 0.007277
0.451000, 0.007281
0.452000, 0.007284
0.453000, 0.007288
0.454000, 0.007291
0.455000, 0.007295
0.456000, 0.007298
0.457000, 0.007301
0.458000, 0.007304
0.459000, 0.007307
0.460000, 0.007310
0.461000, 0.007313
0.462000, 0.007316
0.463000, 0.007318
0.464000, 0.007321
0.465000, 0.007324
0.466000, 0.007326
0.467000, 0.007328
0.468000, 0.007331
0.469000, 0.007333
0.470000, 0.007335
0.471000, 0.007337
0.472000, 0.007340
0.473000, 0.007342
0.474000, 0.007343
0.475000, 0.007345
0.476000, 0.007347
0.477000, 0.007349
0.478000, 0.007350
0.479000, 0.007352
0.480000, 0.007353
0.481000, 0.007355
0.482000, 0.007356
0.483000, 0.007358
0.484000, 0.007359
0.485000, 0.007360
0.486000, 0.007361
0.487000, 0.007362
0.488000, 0.007363
0.489000, 0.007364
0.490000, 0.007364
0.491000, 0.007365
0.492000, 0.007366
0.493000, 0.007366
0.494000, 0.007367
0.495000, 0.007367
0.496000, 0.007367
0.497000, 0.007368
0.498000, 0.007368
0.499000, 0.007368
0.500000, 0.007368
0.501000, 0.007368
0.502000, 0.007368
0.503000, 0.007368
0.504000, 0.007367
0.505000, 0.007367
0.506000, 0.007367
0.507000, 0.007366
0.508000, 0.007366
0.509000, 0.007365
0.510000, 0.007364
0.511000, 0.007364
0.512000, 0.007363
0.513000, 0.007362
0.514000, 0.007361
0.515000, 0.007360
0.516000, 0.007359
0.517000, 0.007358
0.518000, 0.007356
0.519000, 0.007355
0.520000, 0.007353
0.521000, 0.007352
0.522000, 0.007350
0.523000, 0.007349
0.524000, 0.007347
0.525000, 0.007345
0.526000, 0.007343
0.527000, 0.007342
0.528000, 0.007340
0.529000, 0.007337
0.530000, 0.007335
0.531000, 0.007333
0.532000, 0.007331
0.533000, 0.007328
0.534000, 0.007326
0.535000, 0.007324
0.536000, 0.007321
0.537000, 0.007318
0.538000, 0.007316
0.539000, 0.007313
0.540000, 0.007310
0.541000, 0.007307
0.542000, 0.007304
0.543000, 0.007301
0.544000, 0.007298
0.545000, 0.007295
0.546000, 0.007291
0.547000, 0.007288
0.548000, 0.007284
0.549000, 0.007281
0.550000, 0.007277
0.551000, 0.007274
0.552000, 0.007270
0.553000, 0.007266
0.554000, 0.007262
0.555000, 0.007258
0.556000, 0.007254
0.557000, 0.007250
0.558000, 0.007246
0.559000, 0.007242
0.560000, 0.007238
0.561000, 0.007233
0.562000, 0.007229
0.563000, 0.007224
0.564000, 0.007220
0.565000, 0.007215
0.566000, 0.007210
0.567000, 0.007205
0.568000, 0.007201
0.569000, 0.007196
0.570000, 0.007191
0.571000, 0.007185
0.572000, 0.007180
0.573000, 0.007175
0.574000, 0.007170
0.575000, 0.007164
0.576000, 0.007159
0.577000, 0.007154
0.578000, 0.007148
0.579000, 0.007142
0.580000, 0.007137
0.581000, 0.007131
0.582000, 0.007125
0.583000, 0.007119
0.584000, 0.007113
0.585000, 0.007107
0.586000, 0.007101
0.587000, 0.007095
0.588000, 0.007088
0.589000, 0.007082
0.590000, 0.007075
0.591000, 0.007069
0.592000, 0.007062
0.593000, 0.007056
0.594000, 0.007049
0.595000, 0.007042
0.596000, 0.007035
0.597000, 0.007029
0.598000, 0.007022
0.599000, 0.007015
0.600000, 0.007007
0.601000, 0.007000
0.602000, 0.006993
0.603000, 0.006986
0.604000, 0.006978
0.605000, 0.006971
0.606000, 0.006963
0.607000, 0.006956
0.608000, 0.006948
0.609000, 0.006940
0.610000, 0.006932
0.611000, 0.006925
0.612000, 0.006917
0.613000, 0.006909
0.614000, 0.006901
0.615000, 0.006892
0.616000, 0.006884
0.617000, 0.006876
0.618000, 0.006868
0.619000, 0.006859
0.620000, 0.006851
0.621000, 0.006842
0.622000, 0.006833
0.623000, 0.006825
0.624000, 0.006816
0.625000, 0.006807
0.626000, 0.006798
0.627000, 0.006789
0.628000, 0.006780
0.629000, 0.006771
0.630000, 0.006762
0.631000, 0.006753
0.632000, 0.006744
0.633000, 0.006734
0.634000, 0.006725
0.635000, 0.006715
0.636000, 0.006706
0.637000, 0.006696
0.638000, 0.006686
0.639000, 0.006677
0.640000, 0.006667
0.641000, 0.006657
0.642000, 0.006647
0.643000, 0.006637
0.644000, 0.006627
0.645000, 0.006617
0.646000, 0.006606
0.647000, 0.006596
0.648000, 0.006586
0.649000, 0.006575
0.650000, 0.006565
0.651000, 0.006554
0.652000, 0.006544
0.653000, 0.006533
0.654000, 0.006522
0.655000, 0.006512
0.656000, 0.006501
0.657000, 0.006490
0.658000, 0.006479
0.659000, 0.006468
0.660000, 0.006457
0.661000, 0.006445
0.662000, 0.006434
0.663000, 0.006423
0.664000, 0.006412
0.665000, 0.006400
0.666000, 0.006389
0.667000, 0.006377
0.668000, 0.006365
0.669000, 0.006354
0.670000, 0.006342
0.671000, 0.006330
0.672000, 0.006318
0.673000, 0.006306
0.674000, 0.006294
0.675000, 0.006282
0.676000, 0.006270
0.677000, 0.006258
0.678000, 0.006246
0.679000, 0.006233
0.680000, 0.006221
0.681000, 0.006209
0.682000, 0.006196
0.683000, 0.006184
0.684000, 0.006171
0.685000, 0.006158
0.686000, 0.006146
0.687000, 0.006133
0.688000, 0.006120
0.689000, 0.006107
0.690000, 0.006094
0.691000, 0.006081
0.692000, 0.006068
0.693000, 0.006055
0.694000, 0.006041
0.695000, 0.006028
0.696000, 0.006015
0.697000, 0.006001
0.698000, 0.005988
0.699000, 0.005974
0.700000, 0.005961
0.701000, 0.005947
0.702000, 0.005934
0.703000, 0.005920
0.704000, 0.005906
0.705000, 0.005892
0.706000, 0.005878
0.707000, 0.005864
0.708000, 0.005850
0.709000, 0.005836
0.710000, 0.005822
0.711000, 0.005808
0.712000, 0.005793
0.713000, 0.005779
0.714000, 0.005765
0.715000, 0.005750
0.716000, 0.005736
0.717000, 0.005721
0.718000, 0.005707
0.719000, 0.005692
0.720000, 0.005677
0.721000, 0.005662
0.722000, 0.005648
0.723000, 0.005633
0.724000, 0.005618
0.725000, 0.005603
0.726000, 0.005588
0.727000, 0.005573
0.728000, 0.005557
0.729000, 0.005542
0.730000, 0.005527
0.731000, 0.005512
0.732000, 0.005496
0.733000, 0.005481
0.734000, 0.005465
0.735000, 0.005450
0.736000, 0.005434
0.737000, 0.005418
0.738000, 0.005403
0.739000, 0.005387
0.740000, 0.005371
0.741000, 0.005355
0.742000, 0.005339
0.743000, 0.005323
0.744000, 0.005307
0.745000, 0.005291
0.746000, 0.005275
0.747000, 0.005259
0.748000, 0.005243
0.749000, 0.005226
0.750000, 0.005210
0.751000, 0.005194
0.752000, 0.005177
0.753000, 0.005161
0.754000, 0.005144
0.755000, 0.005128
0.756000, 0.005111
0.757000, 0.005094
0.758000, 0.005077
0.759000, 0.005061
0.760000, 0.005044
0.761000, 0.005027
0.762000, 0.005010
0.763000, 0.004993
0.764000, 0.004976
0.765000, 0.004959
0.766000, 0.004942
0.767000, 0.004924
0.768000, 0.004907
0.769000, 0.004890
0.770000, 0.004873
0.771000, 0.004855
0.772000, 0.004838
0.773000, 0.004820
0.774000, 0.004803
0.775000, 0.004785
0.776000, 0.004768
0.777000, 0.004750
0.778000, 0.004732
0.779000, 0.004714
0.780000, 0.004697
0.781000, 0.004679
0.782000, 0.004661
0.783000, 0.004643
0.784000, 0.004625
0.785000, 0.004607
0.786000, 0.004589
0.787000, 0.004571
0.788000, 0.004552
0.789000, 0.004534
0.790000, 0.004516
0.791000, 0.004498
0.792000, 0.004479
0.793000, 0.004461
0.794000, 0.004442
0.795000, 0.004424
0.796000, 0.004405
0.797000, 0.004387
0.798000, 0.004368
0.799000, 0.004350
0.800000, 0.004331
0.801000, 0.004312
0.802000, 0.004293
0.803000, 0.004274
0.804000, 0.004256
0.805000, 0.004237
0.806000, 0.004218
0.807000, 0.004199
0.808000, 0.004180
0.809000, 0.004161
0.810000, 0.004141
0.811000, 0.004122
0.812000, 0.004103
0.813000, 0.004084
0.814000, 0.004065
0.815000, 0.004045
0.816000, 0.004026
0.817000, 0.004006
0.818000, 0.003987
0.819000, 0.003968
0.820000, 0.003948
0.821000, 0.003928
0.822000, 0.003909
0.823000, 0.003889
0.824000, 0.003870
0.825000, 0.003850
0.826000, 0.003830
0.827000, 0.003810
0.828000, 0.003790
0.829000, 0.003771
0.830000, 0.003751
0.831000, 0.003731
0.832000, 0.003711
0.833000, 0.003691
0.834000, 0.003671
0.835000, 0.003651
0.836000, 0.003630
0.837000, 0.003610
0.838000, 0.003590
0.839000, 0.003570
0.840000, 0.003550
0.841000, 0.003529
0.842000, 0.003509
0.843000, 0.003489
0.844000, 0.003468
0.845000, 0.003448
0.846000, 0.003427
0.847000, 0.003407
0.848000, 0.003386
0.849000, 0.003366
0.850000, 0.003345
0.851000, 0.003324
0.852000, 0.003304
0.853000, 0.003283
0.854000, 0.003262
0.855000, 0.003241
0.856000, 0.003221
0.857000, 0.003200
0.858000, 0.003179
0.859000, 0.003158
0.860000, 0.003137
0.861000, 0.003116
0.862000, 0.003095
0.863000, 0.003074
0.864000, 0.003053
0.865000, 0.003032
0.866000, 0.003011
0.867000, 0.002990
0.868000, 0.002969
0.869000, 0.002947
0.870000, 0.002926
0.871000, 0.002905
0.872000, 0.002884
0.873000, 0.002862
0.874000, 0.002841
0.875000, 0.002820
0.876000, 0.002798
0.877000, 0.002777
0.878000, 0.002755
0.879000, 0.002734
0.880000, 0.002712
0.881000, 0.002691
0.882000, 0.002669
0.883000, 0.002648
0.884000, 0.002626
0.885000, 0.002604
0.886000, 0.002583
0.887000, 0.002561
0.888000, 0.002539
0.889000, 0.002518
0.890000, 0.002496
0.891000, 0.002474
0.892000, 0.002452
0.893000, 0.002430
0.894000, 0.002409
0.895000, 0.002387
0.896000, 0.002365
0.897000, 0.002343
0.898000, 0.002321
0.899000, 0.002299
0.900000, 0.002277
0.901000, 0.002255
0.902000, 0.002233
0.903000, 0.002211
0.904000, 0.002189
0.905000, 0.002166
0.906000, 0.002144
0.907000, 0.002122
0.908000, 0.002100
0.909000, 0.002078
0.910000, 0.002056
0.911000, 0.002033
0.912000, 0.002011
0.913000, 0.001989
0.914000, 0.001967
0.915000, 0.001944
0.916000, 0.001922
0.917000, 0.001900
0.918000, 0.001877
0.919000, 0.001855
0.920000, 0.001832
0.921000, 0.001810
0.922000, 0.001787
0.923000, 0.001765
0.924000, 0.001743
0.925000, 0.001720
0.926000, 0.001698
0.927000, 0.001675
0.928000, 0.001652
0.929000, 0.001630
0.930000, 0.001607
0.931000, 0.001585
0.932000, 0.001562
0.933000, 0.001539
0.934000, 0.001517
0.935000, 0.001494
0.936000, 0.001471
0.937000, 0.001449
0.938000, 0.001426
0.939000, 0.001403
0.940000, 0.001381
0.941000, 0.001358
0.942000, 0.001335
0.943000, 0.001312
0.944000, 0.001290
0.945000, 0.001267
0.946000, 0.001244
0.947000, 0.001221
0.948000, 0.001198
0.949000, 0.001175
0.950000, 0.001153
0.951000, 0.001130
0.952000, 0.001107
0.953000, 0.001084
0.954000, 0.001061
0.955000, 0.001038
0.956000, 0.001015
0.957000, 0.000992
0.958000, 0.000969
0.959000, 0.000946
0.960000, 0.000923
0.961000, 0.000900
0.962000, 0.000878
0.963000, 0.000855
0.964000, 0.000832
0.965000, 0.000809
0.966000, 0.000786
0.967000, 0.000762
0.968000, 0.000739
0.969000, 0.000716
0.970000, 0.000693
0.971000, 0.000670
0.972000, 0.000647
0.973000, 0.000624
0.974000, 0.000601
0.975000, 0.000578
0.976000, 0.000555
0.977000, 0.000532
0.978000, 0.000509
0.979000, 0.000486
0.980000, 0.000463
0.981000, 0.000440
0.982000, 0.000416
0.983000, 0.000393
0.984000, 0.000370
0.985000, 0.000347
0.986000, 0.000324
0.987000, 0.000301
0.988000, 0.000278
0.989000, 0.000255
0.990000, 0.000231
0.991000, 0.000208
0.992000, 0.000185
0.993000, 0.000162
0.994000, 0.000139
0.995000, 0.000116
0.996000, 0.000093
0.997000, 0.000069
0.998000, 0.000046
0.999000, 0.000023
1.000000, 0.000000
