0.000000
0.063517
0.126431
0.188591
0.249828
0.309964
0.368810
0.426171
0.481849
0.535645
0.587360
0.636797
0.683767
0.728083
0.769569
0.808058
0.843393
0.875427
0.904030
0.929081
0.950476
0.968124
0.981952
0.991899
0.997924
1.000000
0.998116
0.992279
0.982510
0.968849
0.951350
0.930083
0.905133
0.876600
0.844599
0.809258
0.770719
0.729136
0.684674
0.637512
0.587837
0.535846
0.481745
0.425750
0.368080
0.308965
0.248638
0.187335
0.125298
0.062771
-0.000000
-0.062769
-0.125290
-0.187317
-0.248607
-0.308920
-0.368018
-0.425670
-0.481650
-0.535736
-0.587716
-0.637384
-0.684544
-0.729008
-0.770601
-0.809155
-0.844516
-0.876542
-0.905102
-0.930081
-0.951375
-0.968897
-0.982571
-0.992339
-0.998158
-1.000000
-0.997853
-0.991720
-0.981624
-0.967600
-0.949702
-0.927999
-0.902579
-0.873543
-0.841011
-0.805117
-0.766012
-0.723863
-0.678851
-0.631171
-0.581035
-0.528667
-0.474304
-0.418197
-0.360609
-0.301813
-0.242093
-0.181745
-0.121071
-0.060383
-0.000000
